# Created by Octave 9.1.0, Sun Dec 15 16:16:01 2024 GMT <unknown@P_STPC1-a>
# name: H
# type: complex matrix
# rows: 64
# columns: 8
 (0.37920695715676805,-0.6734054042350982) (-1.0563953074114429,-0.5315196846292628) (1.1097462027559934,0.35097518114143311) (-1.6510276685045073,0.16990400636112185) (-1.2224733697678363,-1.1379506952596723) (-0.58177843359012238,0.32500259644856072) (-0.67481266686280761,-1.1513114886080642) (0.45577874421468623,0.050040944665628695)
 (-0.058408718294027058,0.019976077100470942) (0.48000620233020252,0.0033573568186181708) (-0.61997852767029837,-0.84767690333160972) (-0.12855585865960228,-0.31733959311197246) (0.22536050483829789,0.32992369028934204) (0.062393626997364268,1.4412759067094147) (-0.35500213492408722,0.73445011364562773) (-0.19315107319334096,0.35835564678058973)
 (0.77100311778599639,-1.3834830267445513) (-0.069577272679260019,-0.049996322569493996) (-0.44190131191078591,1.4789913970407444) (-0.85034492582671772,0.95899956201210623) (0.93556120743306403,0.03207011292144727) (0.47640865091277973,-0.21026664698514913) (-0.11647822993367134,0.72799021564127708) (-0.40054424081186346,1.1965420005010259)
 (0.087996518472449561,0.53524125969470726) (0.34311224306565435,-0.53288171285350627) (-0.020769307947080914,0.44682206091176019) (0.36760560395213937,0.34059201937961575) (0.095922310007918996,0.35145780771790752) (-0.92636175258515763,-0.36930980687572929) (1.1572388656638817,0.085361441631062213) (1.0717952752501412,0.50063389710211115)
 (-0.37568384610550831,0.35458978051545725) (-0.59066622721069217,0.17408808825524269) (0.23757745072585595,0.56001859967969514) (-0.21456352818928667,0.69666716742838675) (0.41942635151859203,-0.33867484637652479) (-1.0417683431251576,-0.54168426188665542) (0.12179921478322968,-0.24605075425979578) (0.090566365311894242,-0.041804618228885211)
 (-0.60394696172587747,1.1267075800406057) (-0.11213368488686594,-0.65667321132549383) (0.38459797674221508,-0.43219555549876565) (0.010411269913537463,-0.38511108652845505) (0.1218506689825091,-0.29079319330200859) (0.041343755634856441,-0.3146609147885378) (0.76788393297683533,0.31263019868513525) (0.34153109729478215,-0.51232609323922262)
 (-0.60770721364614755,0.85656002406997545) (-1.5722050944245471,0.48878603007380372) (0.20760088114251532,1.0712081968996994) (0.96602133179197713,0.38918091754443296) (0.9645493894428131,0.509172332478534) (1.5240454955115372,0.13367359334359763) (-0.13463639670233868,-1.0231755923865389) (0.18368874039605407,-1.3304972423013668)
 (-0.36328185522159556,-0.047981690816256188) (0.69413147450918333,-0.26073032058600798) (0.52408955779900523,0.41530788817764502) (-0.45343830753985359,-0.8359547134975589) (-0.55971511940493135,-0.41724577215754755) (-0.69024801223658538,0.30665565167599801) (-0.08445380117184409,-0.30798549562535743) (0.025650561531856339,0.38426016497168969)
 (0.84441269786604245,0.57692034982537466) (0.20221424133154958,-0.76858875728223319) (-0.20339947833644056,0.11972945154572913) (-0.25716647805801457,0.26427904701343302) (-0.38801916784178719,-0.87924876517500117) (-0.087373041173479521,0.74209892595099913) (-0.36626763444311145,0.32588828034252915) (-0.0015457962255420283,-0.4175907973040292)
 (-1.4101938795791773,-0.34911222218927962) (1.1192449159409661,-0.67347711154185574) (-0.36872750661495635,0.32018620190118952) (0.23504664965789501,0.23184077518825785) (0.4351812193454529,0.30128059364909898) (0.8667365208544755,-0.73882907740470849) (-1.2134786029920388,-0.27216943493471762) (1.4012351045769478,-0.31254113223189489)
 (0.083043543580456958,-0.77444818321670172) (-0.77752993649931479,-0.11418922467860675) (0.00021735335011493801,-1.5744851839392202) (0.42966884904941099,1.3134023852377383) (-0.17184086901100112,-0.10689937506037413) (0.50597350486916193,0.83343613706816377) (0.10755354704774969,0.88667264521972533) (0.68127215970134458,0.52278769440294548)
 (-0.070117984897788116,0.46131199414185903) (-0.74350797095579968,1.3902332157722272) (-0.31516764928850383,-0.18188321594789694) (-1.0273945585335824,-0.26565167761755182) (-0.19538829451424089,0.74725339011415359) (0.079899505881639243,-0.77867739135814362) (0.66719851007548292,0.28123394164593885) (-0.66102754099399186,-0.18874659659378781)
 (0.062271003933145899,-0.28311692686023149) (0.030943304099831519,0.36919713384309238) (-0.72264770899355113,-0.37900755675624365) (-0.048475212263466218,-0.14645620547820276) (-0.027332392308715765,-1.1477115087836456) (-0.87347328947989122,-0.080948152596916512) (0.06177133561158582,-0.49525540681827757) (1.0240120434829521,0.34824927501074493)
 (0.85550803629157368,0.49066603655120722) (0.91333893816224021,0.27762979593357495) (-0.11738651231700288,0.76027935321367157) (-0.28348091067462178,0.47014198269919216) (0.56126498624288279,0.6986084436170289) (0.52202975815126706,1.4418473706525128) (0.025532890174941463,0.28838378062224124) (-0.23873520824683206,0.9688521067396858)
 (0.18203470713414294,-0.6097619227336647) (0.07541253107996318,0.0036497001345221782) (-0.54017656014330884,0.32514176840352316) (0.33563887039155876,-0.098874380909550655) (-0.13353508243242743,0.044720367239498425) (-0.4814242250572151,-0.010603087133314157) (-0.61515939550216769,-0.55351379741469409) (0.13150238983035267,-1.0479553339534415)
 (0.92622363953818732,0.50664110808398122) (0.32884720384372385,-0.27321442420147385) (-0.11654257569815454,-0.37764117522258361) (0.019101908998066547,0.86273766768430193) (-0.36356862585382133,0.85792482849364826) (0.74002100589244613,-0.78036086369157909) (1.8139958419846627,0.58518605842367033) (-0.32123580280886949,0.32922802479725716)
 (-0.58600234203979307,-0.10894248437595118) (0.90648525470567565,-0.43125432139546982) (0.12184875623701238,0.77406248363025021) (-1.6212907993495773,1.2931758697003208) (-0.67771301635368364,-0.023127375172132782) (0.61046218544680786,-0.055379270828033317) (0.34321679451834808,-1.2024607976644208) (0.086574406139385759,-0.57891550791804236)
 (-0.11549401169704676,-0.23329697707517225) (-0.4798123226952658,1.1061374078841621) (1.0375367750323943,-0.41769484737848389) (-1.247243683993478,0.35176688397648082) (0.078268317295860867,-0.15247804334492571) (-1.1898655777604137,1.0566997858055502) (-0.35502917988551091,-0.023601649972139899) (0.21892717085960284,0.72564062504002835)
 (0.82443538517875681,-0.66381775993434522) (-0.21816902711369557,-0.50278790023403241) (-0.2058433171886053,-0.0071007315299279668) (-0.19557422664995447,0.57491458245300042) (1.0383462562170485,-0.6403287494036547) (1.1344242274028995,-0.2675099271611201) (-0.6410573636763085,-1.9163145793388763) (0.19301240893541474,1.0634703381942443)
 (0.37447991616445658,-0.81258911726042227) (0.2622748815049592,-0.44412227359779882) (-0.99016796974813348,-0.3075607512248541) (0.45088343940026965,1.2891638796834806) (0.65226194953808936,0.53671062433590644) (0.055608041234887072,0.57489721027699026) (0.69858134571413155,0.24945584767084372) (0.11211734249165377,-0.97449488753885471)
 (-0.36666946844591486,-0.23998203409644336) (-0.63245669576975849,0.0090505892780116809) (-1.4943807658366286,-1.0772952665762561) (-0.29288607996075272,0.37791519520844646) (-0.35717134523721999,1.4347037435764614) (-0.4257222084598356,0.74387490620302399) (-1.6868470380116394,-0.70250019335854341) (0.73575615888992041,-0.46821214007027523)
 (0.25939321452668512,-1.1146787507069014) (0.43602274026771481,0.10180693435865773) (-0.59672452001964638,0.93716870465265389) (-0.013384381204698394,-0.72645092868443562) (1.1310626310513179,-0.7787662119403399) (0.94444097712091102,-0.055639714005172654) (1.105940725773185,1.2215765804148313) (1.2017408239858058,0.68981278988677641)
 (-0.022631478185712893,0.3910288989648934) (0.40542795554717348,0.28964679272793431) (0.79749103432452262,0.046388619232092018) (-0.60019221285970159,-0.78596155915017141) (-1.5471456051049972,-0.89535756015810741) (-0.20867589465870071,-0.74172666015719546) (-0.20237015147097412,-1.2399837752708072) (-0.37082532483504521,0.18650965884746187)
 (1.8408873406415822,0.20058073179331748) (0.51571086111218456,-0.37374794963791741) (0.53227381008876762,-0.14531576796447418) (0.69106409407360325,-0.53954196630879558) (-0.45123432653642925,-0.41489101834622166) (-0.44938581411681416,-0.49209402016214943) (-1.4909564810912561,0.7628804478183594) (-0.55770879592034395,0.011834955537039079)
 (-1.1119892195910575,-0.4075364088086173) (1.050743800543064,-0.42537386090707785) (-0.62669983541873875,0.17217964830081206) (0.57916303272127334,1.2737868888582058) (0.62001881857278895,0.3139843150633243) (-1.450744836695196,0.49260020077745736) (-0.13603723032140827,-0.0067186421827829437) (-0.6103607618016339,0.05289881013183996)
 (0.30355007591255523,-0.81616514623227121) (-0.21191985928704468,-0.17127856267962832) (0.22681357707931782,0.27938909224162256) (0.25597899706801081,-0.023161914615543362) (0.094910590070111697,0.08828217639232773) (0.64133116266018131,-0.71363814370994128) (-0.62898260378823811,-0.82169590115569724) (-0.36362108738480159,1.1050336189408139)
 (-0.040629728088902424,1.2088862133207521) (-0.77168353096984499,0.81185151739523542) (0.42913189053093193,0.68739942749679483) (0.44892778187440036,1.6645959354161013) (-0.77433622341031461,-1.5992881971382014) (0.14302977931643998,0.044647027952968737) (-0.034103780436643576,0.058661530767425696) (0.51839381794578698,0.4513099062153707)
 (-1.397169404068811,0.0095839255115103498) (-1.7053018187719036,0.66496512204516145) (-0.037578902807878602,0.42678146538335238) (0.62156175718880735,1.2638309089252646) (-0.37911857429997137,-0.65631917446657706) (0.056887627641587488,-0.4504789031421822) (-0.21847983899706369,-0.078259619909592584) (-0.59146529954128779,-0.15733987600120719)
 (0.092789017576280997,-0.23459447009309453) (0.26170440411005574,0.078044928000937791) (0.84094267528369426,0.22975230218245046) (0.42899779738875604,-0.36009601647298578) (-0.57194440940679636,0.41523467121276242) (0.18227045619493951,1.1511969807103604) (-1.3764921948762856,-0.63110344164251297) (0.015779450009007958,-0.19493874297080152)
 (0.15983458808045636,0.63950610923689633) (0.5065385153670301,1.6769493597841552) (0.78914599978214717,0.076682128472695496) (-0.27047660701203446,-0.19433607151383722) (0.78880594897571599,0.58953435656461983) (0.63717893808150639,0.33390418326440624) (0.95338360905132757,0.87929186840097817) (-0.16993016946278261,-0.044891179402794489)
 (0.072721215378072412,0.37374973358189623) (0.85980881939763221,0.24196030165880789) (-0.076149769834849751,-0.40426503922143714) (-0.15968314266841743,0.61915111255390531) (0.14374643186042263,-0.29166452384344987) (-0.20216225497253584,0.13064311441974802) (-0.80955272572987824,0.25995734294540518) (0.77325565209086711,-0.77403651971517817)
 (-0.84301796575721699,0.72994855972042061) (-0.15689788106224745,0.32392203364828304) (-0.69811468718645331,-0.042673631491695417) (0.56622259393820973,-1.3268387264805039) (-1.1203247393735436,-0.36430268052178683) (1.2337625568829425,0.21397386624095738) (1.2332708394883587,0.26577593414442124) (0.11396583781125809,-1.3145569587223698)
 (-0.76840045185735983,-0.48716025489133452) (0.41889881660924044,0.95219297364946542) (0.62951808325820968,0.23338271464718455) (-0.30271199192931941,0.039299925793601725) (-0.59087540882585399,1.720832905196966) (-0.69230748268036124,0.78903434862163047) (-0.52261956132842158,1.3366442801198191) (1.2646661195354933,-0.087161646016591307)
 (-0.47690974777491985,1.3321918469655405) (-0.82027823079582085,0.28159497862981714) (0.45421605589655079,-0.18983055296547288) (0.21226656713403111,-1.1091715305670022) (0.98865402665365987,0.74293036291852865) (-0.13280600108717888,0.48758189043316608) (-1.3544500326069036,0.53965130781947246) (-0.49173086515470377,-1.010548579943467)
 (0.75828755823117566,-0.9982843856037672) (0.85788222906801448,0.82902261944021416) (0.17573541100294457,-0.9159449806727652) (0.33496642143031979,0.80114922473881889) (1.1824260740443884,-0.73398786750001543) (0.54239733397655432,-0.39377337913854199) (-1.3694436926709292,0.62020640240033764) (0.48273499869849984,-0.74903717150487603)
 (0.19282322914595867,0.22788718391768889) (-0.77824180165758661,-0.40173689738363844) (0.3626713033253357,-0.1497266517645649) (0.55839329973291896,0.933082751190348) (0.64449699539199323,-0.79938164218619523) (0.53530005804075576,0.4120040287564733) (0.73973990785540833,-1.1030419617312572) (1.6301825661862335,-0.84797961486438711)
 (-0.19301727038588676,0.094733482775107722) (-0.58334943900911096,0.50844127239253067) (-1.5682894698287602,-0.16402363591849703) (0.78976665231293619,-0.36136537616314729) (0.37381544147688078,-0.72919046233883233) (-0.63155482715708799,0.37842926858884496) (0.63720031529948473,0.90846186461241996) (0.37780502587961395,1.3019819933329906)
 (-0.31840846893725566,-0.65014890678246551) (0.35986865018453346,0.92568447099738393) (-0.10471083238488878,0.77907242668633769) (-0.28294988259425802,-0.042181306986183012) (0.072488894319065189,0.49412763137636867) (0.22610515063304207,0.057976001150904892) (0.69388388215415364,0.43632816970155347) (-0.20252287951820738,0.83398965573509742)
 (-0.05041117456747285,0.23457089477605081) (-0.33551348403134434,0.88974413803173136) (0.72857138206537275,-0.72056177856674919) (1.5174784738409408,0.12084951665879094) (-0.38562671422153066,0.10008632879864017) (-0.30410453136204268,-0.20533562664937777) (0.10545469038276296,-0.074031113255214998) (0.35968435061157916,0.48970146607186116)
 (-0.40267364388613841,1.2303841397780961) (0.17047497264187197,0.21535048369020129) (-0.83697733194230128,-0.39190073518489593) (-0.31468027786049679,0.20976473009322102) (-0.70615206839206479,-0.23261697895508651) (0.73284408861050654,0.65018187532997485) (0.22846816832675268,1.6237449327158164) (-1.1448920118285459,-0.67384338129347487)
 (0.37655156023421443,-0.27274790153022871) (-0.97575180149228624,1.1102775866944947) (-1.4850190659006721,-0.47754283893452243) (-0.44584481872429027,0.41385786349699671) (1.7287811218671809,0.51529448736256689) (1.169667916069379,-0.67170116087554843) (1.1766230861428533,-1.2378894496902453) (-0.46811825896193421,1.1160599514637806)
 (-0.62818715258863078,0.6841680655398481) (0.28956415141181296,1.0826886628901804) (-0.53197483300607529,0.12869728692098109) (0.29472315991676679,-0.035133418030393139) (0.25467738986546351,-0.38782222244617792) (-2.0214964292091211,0.39948783272949406) (0.84454029953554288,0.21116065995723493) (0.022531772367907689,0.058905958555200651)
 (0.42385599383585609,-0.60216516697693501) (0.94155416255653646,0.21060160713859169) (1.287226711108957,-0.43589264702535269) (0.86104767537977511,0.71261913932279208) (-0.024716500822895924,-0.37050531804469283) (-0.090961870281172183,0.49245248271207881) (0.65903311456565572,1.0595594867939113) (0.54522576819471857,0.39596391364807737)
 (1.0382255465261012,0.20909381908036098) (0.2567028637558264,0.53896726189508437) (-1.4662309100830433,-0.43538685676117955) (-0.74571408301774778,0.64523009317248115) (-0.48464576744781757,0.41729275892729395) (0.45393380347311235,0.2687128419293589) (0.07737119213816547,0.12073367504429657) (0.27994044815734237,0.093200004545377635)
 (-1.2611546566269665,-0.14812089050574129) (-2.030287459237011,-1.0915151777792269) (-1.7555160138786901,-0.59625319173016134) (0.21426785227313824,1.1087021012141358) (-0.19284133933096417,0.98107574501765227) (-0.62368837917289732,-0.03785825351378598) (1.1834203096414717,-1.1258413551457183) (-1.1562410207019282,-0.49291426939541205)
 (0.27310743861445863,0.081528537547544563) (0.015204080192078284,-0.47069521395309721) (-0.011710758598371118,0.073535090963894073) (-0.89132426712922463,-0.044077785447149777) (-0.36909266897795329,0.17370223430070353) (-0.16626826495600616,-0.84318443795857934) (-0.98162441956558921,-0.075821780489590207) (-1.8452974759948439,-0.69621322618340498)
 (-0.3279123265967272,0.16233686405473879) (-1.2901052389799792,-0.50575281657209425) (-0.56910486998581777,0.40696892166257598) (0.72714370953338026,-0.11336117951330969) (-0.34648073082998976,-1.0101074999858262) (0.030778453802996136,-0.79813716404842472) (-0.1264307233677979,-0.97608481777523293) (-0.70435787412743911,-0.517198596570139)
 (-0.13311297190071539,-0.65441560378978558) (-0.67854725157675821,-0.51609334914096183) (-0.60988129980232419,-0.011963138416486305) (0.50258632182359098,0.33620918625008495) (1.0764290404665782,0.00072664906866448762) (-1.1063373761645647,0.52823753763394687) (0.39717593514065386,-1.7901923674681979) (-1.0018091293477089,0.37242997247739595)
 (0.29405527357098382,-0.79640206408403436) (-0.25521190341851929,-0.94859067647041273) (0.68684173774997426,-0.057008439616408425) (0.73576670132097588,0.42723717002104877) (-0.12609366958502946,0.24866295887959808) (-0.57318510359429886,-0.93608159792343637) (0.49891762653959937,0.25253766679215589) (-0.86330624863024263,0.70858049941933254)
 (0.60319844944039713,1.3023710607498258) (-0.042928459701281799,0.34429337515769215) (-0.49500124277226609,0.7013010035756716) (0.31891253680815917,0.46708949838735708) (0.040157032800770681,-0.54342536420152743) (-0.51902538970276291,0.5406287374389781) (-0.69026279026871529,0.59524214872269876) (0.15013321657108353,-0.74641112191300607)
 (1.567109953079989,0.93791970208436803) (0.11431067303141125,1.4779062903517144) (-0.14567032315956752,-0.51209028155985226) (-0.58637969643320043,0.071136441277996162) (-0.27110531108796498,-0.16858806265539727) (0.072107780889876114,-0.48143021926274943) (0.47530923362283778,0.28960850436853253) (0.85940225590931085,-0.16370320665304747)
 (-0.072947386805364306,-0.1725170659117902) (0.85566622664745939,-0.94034692910697582) (-0.019725332041698934,0.15745531649169739) (1.0003637167037729,0.34113257477782716) (-1.4340334944626096,0.10004844102971333) (0.081873802877548696,-0.36445185473315245) (0.63506359885690489,-0.60846949742101941) (-0.36095918941727234,1.7170687019261488)
 (-0.81237393171866912,-0.29272192718588064) (-0.5901008104684039,-0.24963659449703957) (-0.068776913174290411,0.56743971677174443) (-0.27556432734390934,-0.10863638411082589) (0.17521688582355358,0.30147238847615621) (-0.21300663909544684,-0.23357586634338207) (0.84340050634715868,-0.52131806079721421) (-0.90121307996521338,0.38609643009569489)
 (0.032182096265754502,0.029421278246868059) (0.011597830571496725,-0.18838490884884462) (-0.69723150199785822,-0.33638851050342333) (0.50453423823271637,-1.2659315588166151) (1.0878743950701664,0.93970878425295123) (1.7065717536024196,-0.27365895971781506) (-0.12091441769783354,0.062878517732147018) (0.33009858114769813,-0.51907959388606872)
 (0.68447088320243077,0.61009137425605442) (1.0400600635456314,-0.49164001307399607) (-0.14193210379738105,2.0921240975785191) (-0.84219942271584103,-0.070201507926400092) (0.3065571583333665,0.052655608072509935) (-0.76107340724723949,-0.57914846348242499) (0.039547732468152817,-0.32798363814859316) (-0.40887346656006385,2.0227407490715827)
 (-0.57332717756739171,0.2199648305336355) (1.072939803674813,0.013725058344889287) (0.52265656288426299,-0.26585563119513966) (0.87660699866040148,-0.44508133731220711) (0.48150311490411152,-0.07231745444825799) (-0.44906970862412515,0.014407431293773143) (0.34689337832691214,-0.69686106119659785) (-0.23228168070128993,-0.84907702984128042)
 (0.81204115508750518,-0.33402076883293524) (-0.065013417965071721,-0.420693256702447) (1.3088966398531592,-0.27310954514089814) (1.0066902733193115,-0.53710465743563329) (-0.26818012727353968,0.82797961152221178) (0.58725678956790694,1.1191411482662905) (1.0663544656171835,-0.57627575190481239) (-0.035074148465958285,0.45616209477099029)
 (-0.16037158738733454,-1.1778186505194297) (1.6552974794121678,-0.99513526012566755) (0.30616832743568867,0.28232115642577293) (0.92664392046171118,0.34252406780794714) (0.75261611169083997,-0.95387626699611872) (-0.34833864126153413,-0.41065793992888372) (-0.018541473984404668,1.3797760573489029) (-0.96196222005311294,-1.3877295841587469)
 (0.39489244578867622,1.168818492999768) (0.62332082573389447,-0.25296345711235441) (0.072817494118907491,0.85471693986343211) (0.43278826157889883,-1.1866454292410942) (0.10419653172073458,0.46363246232084221) (0.82667756389398106,0.087846147363742494) (-2.4004087461654788,-0.39359996150005) (-0.32247194004873497,-0.54712571432901258)
 (0.45525799749929374,-0.72199979911384327) (0.52974024342924442,1.098264182237519) (-1.0428930597631227,-0.77305027438296703) (0.99454474625597311,-0.66337696758495668) (0.93462908564571778,-0.052746956879691401) (0.0027434912845860078,1.199196709638495) (0.068440415940328445,0.12662688925015414) (1.0993605540511704,0.26961424313709065)
 (-0.34334446864850104,-0.33108549586292391) (0.12049877572170235,0.94064429561062346) (0.22666484206141843,-0.72276229836532291) (0.14034257914588319,-0.2249143170025753) (-0.55270410965203431,2.1502158106166154) (-0.0078522746929071217,-0.42399557693813966) (0.78741965145766468,0.43436573722515859) (0.91117586289725039,-0.30773048316578983)
 (0.88740131199834438,-0.039539601885530122) (0.45619137694317519,-0.47668650388798167) (1.1633504615455896,0.59428710555130215) (-0.63711842894003012,-0.55807912592009645) (-0.96694227250094456,0.44127959470838651) (0.56177226219260079,-0.41973905089093361) (1.0347950940463848,0.56565716949820921) (-0.8374069927430482,-0.38348971273737226)
 (0.067157754403927419,-0.37192273395859998) (-0.086370892940780972,0.88161226398227754) (-0.0645929019488026,-1.5817466689089956) (-0.6828653088439679,1.065706187394116) (0.1278463763131012,-1.1059141489196023) (0.54672103982020204,0.7153429821039814) (-0.57176276747882049,-1.4490735969220787) (-0.3574629317420373,-0.31482809763580716)
 (-0.99720643798420794,-0.57643332485201415) (1.2431721762742121,0.17149209388582556) (1.2439119057268202,0.64298916519904348) (-0.66179514446154053,0.99044535697341696) (0.88197338445854068,0.19160082424924976) (-0.57520017421571712,1.0086576842277266) (-1.1815601477005391,0.021492037956376536) (0.08814268384931799,0.4984292405954987)


# name: Nt
# type: scalar
8


# name: iter
# type: scalar
3


# name: sigma2
# type: scalar
16.736106964332581


# name: y_noise
# type: complex matrix
# rows: 64
# columns: 1
 (-18.138536788600138,-26.553716034618908)
 (4.0612700135403115,7.1651180508901815)
 (-4.0445585001123456,-22.276139549185924)
 (-12.84624927557781,19.660956957086448)
 (-13.812619449876646,4.1403129298213841)
 (-5.6295563576358347,7.6013126164758402)
 (29.160171679679056,29.614200086034984)
 (3.8686793787738596,-9.718250385477246)
 (10.79984640043585,-1.4468896800842828)
 (10.319872816477691,13.852544438207923)
 (-29.752711046910704,-1.4182514623669176)
 (-23.108069389226856,-2.9064269884771443)
 (-16.798932816163298,7.5793245196934134)
 (19.143267142790911,17.71908504011374)
 (3.8435186618605153,9.3262568989407093)
 (-9.3901166420612494,8.7525721652857733)
 (-1.0119714249120821,0.89186278694971177)
 (-26.097244507090533,2.7732621537578339)
 (19.721539810295337,-14.898406139383608)
 (1.351367756470701,18.113345639988271)
 (-11.339598144968908,28.056369663412774)
 (6.5880732108901672,-8.6140654050725836)
 (4.0046814338175221,-14.848772870061428)
 (27.726442387405719,-36.617781586861184)
 (-7.3556007376140675,25.079767050054063)
 (3.6330668648375384,-19.256707291259502)
 (-12.904999221452869,9.7778655257999958)
 (-26.767352969363028,1.3152089048336091)
 (12.622239060009633,3.7510963729791129)
 (9.3373608553463914,6.661068126162597)
 (5.675748417295928,9.4445525618464075)
 (11.687111844848292,15.704546667588597)
 (-22.267562347004233,23.988593783293851)
 (23.314947952738791,5.8632847669164523)
 (14.160079226145404,-8.6514248496033304)
 (8.6540008240060615,20.050025862275806)
 (-18.11989837602599,17.012759335978497)
 (-13.678969853731395,5.5848185595660951)
 (-13.23436108649944,11.652490373533992)
 (-0.90462026552994734,6.3658245860172329)
 (-0.35549630365582985,8.575328393842053)
 (-11.991692491177011,34.746047369121939)
 (-6.7171725644381644,-4.6051698195174646)
 (-3.5197772718404137,11.561693095203106)
 (-33.140159947868419,24.508708121742941)
 (9.3189728849462909,-32.404210228475286)
 (3.0770345292862844,-11.437826104736516)
 (0.88983496410943885,18.298872273217135)
 (-14.235390453599516,-21.535127612473289)
 (11.627022784913391,18.893655577667246)
 (2.5426732149391835,7.8125576579924338)
 (-11.15442896216598,1.0510336747199842)
 (-14.685760892514958,-2.2630230345612024)
 (27.464159094851546,-0.81440345433218408)
 (7.358604530858857,-13.703217705762977)
 (14.36198451669425,10.705535171471478)
 (12.0362367486254,0.40095986426134989)
 (18.91775071192092,-19.330128812814717)
 (52.303800798719465,-2.2530433941407013)
 (6.0916950946490651,24.3993490520274)
 (-23.060072233325215,24.032491399424618)
 (9.7023819713185127,-25.543320837430095)
 (-5.8408986211287734,3.3386150427204671)
 (1.3014628462079993,0.8540259896898843)


